Current Status: 'Mode_t:LOITER, Yaw_t:0.000000, 
Yaw_(t-1):0.000000, ground speed:0.000000, 
ALT_t:500.000000, ALT_(t-1):500.000000'